160 2 1 0
161 2 2 0
162 2 3 0
163 2 4 0
164 2 5 0
165 2 6 0
166 2 7 0
167 2 8 0
168 2 9 0
169 2 10 0
170 2 11 0
171 2 12 0
172 2 13 0
173 2 14 0
174 2 15 0
175 2 16 0
176 2 17 0
177 3 1 0
178 3 2 0
179 3 3 0
180 3 4 0
181 3 5 0
182 4 1 0
183 4 2 0
184 4 3 0
185 5 1 0
186 5 2 0
187 5 3 0
188 6 1 0
189 6 2 0
190 6 3 0
191 6 4 0
192 6 5 0
193 6 6 0
194 7 1 0
195 7 2 0
196 7 3 0
197 7 4 0
198 7 5 0
199 7 6 0
200 7 7 0
201 7 8 0
202 8 1 0
203 8 2 0
204 8 3 0
205 8 4 0
206 8 5 0
207 9 1 0
208 9 2 0
209 9 3 0
210 9 4 0
211 10 1 0
212 10 2 0
213 10 3 0
214 10 4 0
215 10 5 0
216 10 6 0
217 10 7 0
218 11 1 0
219 11 2 0
220 11 3 0
221 11 4 0
222 12 1 0
223 12 2 0
224 12 3 0
225 12 4 0
226 12 5 0
227 12 6 0
228 12 7 0
229 13 1 0
230 13 2 0
231 13 3 0
232 13 4 0
233 13 5 0
234 13 6 0
235 13 7 0
236 13 8 0
237 14 1 0
238 14 2 0
239 14 3 0
240 14 4 0
241 14 5 0
242 14 6 0
243 14 7 0
244 14 8 0
245 14 9 0
246 15 1 0
247 15 2 0
248 15 3 0
249 15 4 0
250 15 5 0
251 15 6 0
252 15 7 0
253 15 8 0
254 15 9 0
255 15 10 0
256 15 11 0
257 15 12 0
258 15 13 0
259 15 14 0
260 15 15 0
261 15 16 0
262 15 17 0
263 15 18 0
264 15 19 0
265 15 20 0
266 15 21 0
267 15 22 0
268 15 23 0
269 15 24 0
270 15 25 0
271 15 26 0
272 15 27 0
273 15 28 0
274 15 29 0
275 15 30 0
276 15 31 0
277 15 32 0
278 15 33 0
279 15 34 0
280 15 35 0
281 15 36 0
282 15 37 0
283 15 38 0
284 15 39 0
285 15 40 0
286 15 41 0
287 15 42 0
288 15 43 0
289 15 44 0
290 15 45 0
291 15 46 0
292 15 47 0
293 15 48 0
294 15 49 0
295 15 50 0
296 15 51 0
297 15 52 0
298 15 53 0
299 15 54 0
300 15 55 0
301 15 56 0
302 15 57 0
303 15 58 0
304 15 59 0
305 15 60 0
306 15 61 0
307 15 62 0
308 15 63 0
309 15 64 0
310 15 65 0
311 15 66 0
312 15 67 0
313 15 68 0
314 15 69 0
315 15 70 0
316 15 71 0
317 15 72 0
318 15 73 0
319 15 74 0
320 15 75 0
321 15 76 0
322 15 77 0
323 15 78 0
324 15 79 0
325 15 80 0
326 15 81 0
327 15 82 0
328 15 83 0
329 15 84 0
330 15 85 0
331 15 86 0
332 15 87 0
333 15 88 0
334 15 89 0
335 15 90 0
336 15 91 0
337 15 92 0
338 15 93 0
339 15 94 0
340 15 95 0
341 15 96 0
342 15 97 0
343 15 98 0
344 15 99 0
345 15 100 0
346 15 101 0
347 15 102 0
348 15 103 0
349 15 104 0
350 15 105 0
351 15 106 0
352 15 107 0
353 15 108 0
354 15 109 0
355 15 110 0
356 15 111 0
357 15 112 0
358 15 113 0
359 15 114 0
360 15 115 0
361 15 116 0
362 15 117 0
363 15 118 0
364 15 119 0
365 15 120 0
366 15 121 0
367 15 122 0
368 15 123 0
369 15 124 0
370 15 125 0
371 15 126 0
372 15 127 0
373 15 128 0
374 15 129 0
375 15 130 0
376 15 131 0
377 15 132 0
378 15 133 0
379 15 134 0
380 15 135 0
381 15 136 0
382 15 137 0
383 15 138 0
384 15 139 0
385 15 140 0
386 15 141 0
387 15 142 0
388 15 143 0
389 15 144 0
390 15 145 0
391 15 146 0
392 15 147 0
393 15 148 0
394 15 149 0
395 15 150 0
396 15 151 0
397 15 152 0
398 16 1 0
399 16 2 0
400 16 3 0
401 17 1 0
402 17 2 0
403 17 3 0
404 17 4 0
405 17 5 0
406 17 6 0
407 17 7 0
408 17 8 0
409 17 9 0
410 17 10 0
411 17 11 0
412 17 12 0
413 17 13 0
414 17 14 0
415 17 15 0
416 17 16 0
417 17 17 0
418 17 18 0
419 17 19 0
420 17 20 0
421 17 21 0
422 17 22 0
423 17 23 0
424 17 24 0
425 17 25 0
426 17 26 0
427 17 27 0
428 17 28 0
429 17 29 0
430 17 30 0
431 17 31 0
432 17 32 0
433 17 33 0
434 17 34 0
435 17 35 0
436 17 36 0
437 17 37 0
438 17 38 0
439 17 39 0
440 17 40 0
441 17 41 0
442 17 42 0
443 17 43 0
444 17 44 0
445 17 45 0
446 17 46 0
447 17 47 0
448 17 48 0
449 17 49 0
450 17 50 0
451 17 51 0
452 17 52 0
453 17 53 0
454 17 54 0
455 17 55 0
456 17 56 0
457 17 57 0
458 17 58 0
459 17 59 0
460 17 60 0
461 17 61 0
462 17 62 0
463 17 63 0
464 17 64 0
465 17 65 0
466 17 66 0
467 17 67 0
468 17 68 0
469 17 69 0
470 17 70 0
471 17 71 0
472 17 72 0
473 17 73 0
474 17 74 0
475 17 75 0
476 18 1 0
477 18 2 0
478 18 3 0
479 18 4 0
480 19 1 0
481 19 2 0
482 19 3 0
483 19 4 0
484 19 5 0
485 20 1 0
486 20 2 0
487 20 3 0
488 20 4 0
489 20 5 0
490 20 6 0
491 20 7 0
492 20 8 0
493 20 9 0
494 20 10 0
495 20 11 0
496 20 12 0
497 20 13 0
498 20 14 0
499 20 15 0
500 20 16 0
501 20 17 0
502 20 18 0
503 20 19 0
504 20 20 0
505 20 21 0
506 20 22 0
507 20 23 0
508 20 24 0
509 20 25 0
510 20 26 0
511 20 27 0
512 20 28 0
513 20 29 0
514 20 30 0
515 20 31 0
516 20 32 0
517 20 33 0
518 20 34 0
519 20 35 0
520 20 36 0
521 20 37 0
522 20 38 0
523 20 39 0
524 20 40 0
525 20 41 0
526 20 42 0
527 20 43 0
528 20 44 0
529 20 45 0
530 20 46 0
531 20 47 0
532 20 48 0
533 20 49 0
534 20 50 0
535 20 51 0
536 20 52 0
537 20 53 0
538 20 54 0
539 20 55 0
540 20 56 0
541 20 57 0
542 20 58 0
543 20 59 0
544 20 60 0
545 20 61 0
546 20 62 0
547 20 63 0
548 20 64 0
549 20 65 0
550 20 66 0
551 20 67 0
552 20 68 0
553 20 69 0
554 20 70 0
555 20 71 0
556 20 72 0
557 21 1 0
558 21 2 0
559 21 3 0
560 21 4 0
561 21 5 0
562 21 6 0
563 21 7 0
564 21 8 0
565 21 9 0
566 21 10 0
567 21 11 0
568 21 12 0
569 21 13 0
570 21 14 0
571 21 15 0
572 21 16 0
573 21 17 0
574 21 18 0
575 21 19 0
576 21 20 0
577 22 1 0
578 22 2 0
579 22 3 0
580 22 4 0
581 22 5 0
582 22 6 0
583 22 7 0
584 22 8 0
585 22 9 0
586 22 10 0
587 22 11 0
588 22 12 0
589 22 13 0
590 22 14 0
591 22 15 0
592 22 16 0
593 22 17 0
594 22 18 0
595 22 19 0
596 22 20 0
597 22 21 0
598 22 22 0
599 22 23 0
600 22 24 0
601 22 25 0
602 22 26 0
603 22 27 0
604 22 28 0
605 22 29 0
606 22 30 0
607 22 31 0
608 22 32 0
609 22 33 0
610 22 34 0
611 22 35 0
612 22 36 0
613 22 37 0
614 22 38 0
615 22 39 0
616 22 40 0
617 22 41 0
618 23 1 0
619 23 2 0
620 23 3 0
621 23 4 0
622 23 5 0
623 24 1 0
624 24 2 0
625 24 3 0
626 24 4 0
627 24 5 0
628 24 6 0
629 24 7 0
630 24 8 0
631 24 9 0
632 24 10 0
633 24 11 0
634 24 12 0
635 24 13 0
636 24 14 0
637 24 15 0
638 24 16 0
639 24 17 0
640 24 18 0
641 24 19 0
642 24 20 0
643 24 21 0
644 24 22 0
645 24 23 0
646 24 24 0
647 24 25 0
648 24 26 0
649 24 27 0
650 24 28 0
651 24 29 0
652 24 30 0
653 24 31 0
654 24 32 0
655 24 33 0
656 24 34 0
657 24 35 0
658 24 36 0
659 24 37 0
660 24 38 0
661 24 39 0
662 24 40 0
663 24 41 0
664 24 42 0
665 24 43 0
666 24 44 0
667 24 45 0
668 24 46 0
669 24 47 0
670 24 48 0
671 24 49 0
672 24 50 0
673 24 51 0
674 24 52 0
675 24 53 0
676 24 54 0
677 24 55 0
678 24 56 0
679 24 57 0
680 25 1 0
681 25 2 0
682 25 3 0
683 25 4 0
684 25 5 0
685 25 6 0
686 25 7 0
687 26 1 0
688 26 2 0
689 26 3 0
690 26 4 0
691 26 5 0
692 26 6 0
693 26 7 0
694 26 8 0
695 26 9 0
696 26 10 0
697 26 11 0
698 26 12 0
699 26 13 0
700 26 14 0
701 26 15 0
702 26 16 0
703 26 17 0
704 26 18 0
705 26 19 0
706 26 20 0
707 26 21 0
708 26 22 0
709 26 23 0
710 26 24 0
711 26 25 0
712 27 1 0
713 27 2 0
714 27 3 0
715 27 4 0
716 27 5 0
717 27 6 0
718 27 7 0
719 28 1 0
720 28 2 0
721 28 3 0
722 28 4 0
723 28 5 0
724 28 6 0
725 29 1 0
726 29 2 0
727 29 3 0
728 29 4 0
729 29 5 0
730 29 6 0
731 29 7 0
732 29 8 0
733 29 9 0
734 29 10 0
735 29 11 0
736 29 12 0
737 29 13 0
738 29 14 0
739 29 15 0
740 29 16 0
741 29 17 0
742 29 18 0
743 29 19 0
744 29 20 0
745 29 21 0
746 29 22 0
747 29 23 0
748 30 1 0
749 30 2 0
750 30 3 0
751 30 4 0
752 30 5 0
753 30 6 0
754 30 7 0
755 30 8 0
756 31 1 0
757 31 2 0
758 31 3 0
759 31 4 0
760 31 5 0
761 31 6 0
762 31 7 0
763 31 8 0
764 31 9 0
765 31 10 0
766 31 11 0
767 31 12 0
768 31 13 0
769 31 14 0
770 31 15 0
771 31 16 0
772 31 17 0
773 31 18 0
774 31 19 0
775 31 20 0
776 31 21 0
777 31 22 0
778 31 23 0
779 31 24 0
780 31 25 0
781 31 26 0
782 31 27 0
783 31 28 0
784 31 29 0
785 31 30 0
786 31 31 0
787 31 32 0
788 31 33 0
789 31 34 0
790 31 35 0
791 31 36 0
792 31 37 0
793 31 38 0
794 31 39 0
795 31 40 0
796 31 41 0
797 31 42 0
798 31 43 0
799 31 44 0
800 31 45 0
801 31 46 0
802 31 47 0
803 31 48 0
804 31 49 0
805 31 50 0
806 31 51 0
807 31 52 0
808 31 53 0
809 31 54 0
810 31 55 0
811 31 56 0
812 31 57 0
813 31 58 0
814 31 59 0
815 31 60 0
816 31 61 0
817 31 62 0
818 31 63 0
819 31 64 0
820 31 65 0
821 31 66 0
822 31 67 0
823 31 68 0
824 31 69 0
825 31 70 0
826 31 71 0
827 31 72 0
828 31 73 0
829 31 74 0
830 31 75 0
831 31 76 0
832 31 77 0
833 31 78 0
834 31 79 0
835 31 80 0
836 31 81 0
837 31 82 0
838 31 83 0
839 31 84 0
840 31 85 0
841 31 86 0
842 31 87 0
843 31 88 0
844 31 89 0
845 31 90 0
846 31 91 0
847 31 92 0
848 31 93 0
849 31 94 0
850 31 95 0
851 31 96 0
852 31 97 0
853 31 98 0
854 31 99 0
855 31 100 0
856 31 101 0
857 31 102 0
858 31 103 0
859 31 104 0
860 31 105 0
861 31 106 0
862 31 107 0
863 31 108 0
864 31 109 0
865 31 110 0
866 31 111 0
867 31 112 0
868 31 113 0
869 31 114 0
870 31 115 0
871 31 116 0
872 31 117 0
873 31 118 0
874 31 119 0
875 31 120 0
876 31 121 0
877 31 122 0
878 31 123 0
879 31 124 0
880 31 125 0
881 31 126 0
882 31 127 0
883 31 128 0
884 31 129 0
885 31 130 0
886 31 131 0
887 31 132 0
888 31 133 0
889 31 134 0
890 31 135 0
891 31 136 0
892 31 137 0
893 31 138 0
894 31 139 0
895 31 140 0
896 31 141 0
897 31 142 0
898 31 143 0
899 31 144 0
900 31 145 0
901 31 146 0
902 31 147 0
903 31 148 0
904 31 149 0
905 31 150 0
906 31 151 0
907 31 152 0
908 31 153 0
909 31 154 0
910 31 155 0
911 31 156 0
912 31 157 0
913 31 158 0
914 31 159 0
915 31 160 0
916 31 161 0
917 31 162 0
918 31 163 0
919 31 164 0
920 31 165 0
921 31 166 0
922 31 167 0
923 31 168 0
924 31 169 0
925 31 170 0
926 31 171 0
927 31 172 0
928 31 173 0
929 31 174 0
930 31 175 0
931 31 176 0
932 31 177 0
933 31 178 0
934 31 179 0
935 31 180 0
936 31 181 0
937 31 182 0
938 31 183 0
939 31 184 0
940 31 185 0
941 31 186 0
942 31 187 0
943 31 188 0
944 31 189 0
945 31 190 0
946 31 191 0
947 31 192 0
948 31 193 0
949 31 194 0
950 31 195 0
951 31 196 0
952 31 197 0
953 31 198 0
954 31 199 0
955 31 200 0
956 31 201 0
957 31 202 0
958 31 203 0
959 31 204 0
960 31 205 0
961 31 206 0
962 31 207 0
963 31 208 0
964 31 209 0
965 31 210 0
966 31 211 0
967 31 212 0
968 31 213 0
969 31 214 0
970 31 215 0
971 31 216 0
972 31 217 0
973 31 218 0
974 31 219 0
975 31 220 0
976 31 221 0
977 31 222 0
978 31 223 0
979 31 224 0
980 31 225 0
981 31 226 0
982 31 227 0
983 31 228 0
984 32 1 0
985 32 2 0
986 32 3 0
987 32 4 0
988 32 5 0
989 32 6 0
990 32 7 0
991 32 8 0
992 32 9 0
993 32 10 0
994 32 11 0
995 32 12 0
996 32 13 0
997 33 1 0
998 33 2 0
999 33 3 0
1000 33 4 0
1001 33 5 0
1002 33 6 0
1003 33 7 0
1004 33 8 0
1005 33 9 0
1006 33 10 0
1007 33 11 0
1008 33 12 0
1009 33 13 0
1010 33 14 0
1011 33 15 0
1012 34 1 0
1013 34 2 0
1014 34 3 0
1015 35 1 0
1016 35 2 0
1017 35 3 0
1018 35 4 0
1019 36 1 0
1020 36 2 0
1021 36 3 0
1022 36 4 0
1023 36 5 0
1024 36 6 0
1025 36 7 0
1026 37 1 0
1027 37 2 0
1028 37 3 0
1029 37 4 0
1030 37 5 0
1031 37 6 0
1032 37 7 0
1033 37 8 0
1034 37 9 0
1035 37 10 0
1036 37 11 0
1037 37 12 0
1038 37 13 0
1039 37 14 0
1040 37 15 0
1041 37 16 0
1042 37 17 0
1043 37 18 0
1044 37 19 0
1045 37 20 0
1046 37 21 0
1047 37 22 0
1048 37 23 0
1049 37 24 0
1050 37 25 0
1051 37 26 0
1052 37 27 0
1053 37 28 0
1054 37 29 0
1055 37 30 0
1056 37 31 0
1057 37 32 0
1058 37 33 0
1059 37 34 0
1060 37 35 0
1061 37 36 0
1062 37 37 0
1063 37 38 0
1064 37 39 0
1065 38 1 0
1066 38 2 0
1067 38 3 0
1068 38 4 0
1069 38 5 0
1070 38 6 0
1071 38 7 0
1072 38 8 0
1073 38 9 0
1074 38 10 0
1075 38 11 0
1076 38 12 0
1077 38 13 0
1078 38 14 0
1079 38 15 0
1080 38 16 0
1081 38 17 0
1082 38 18 0
1083 38 19 0
1084 38 20 0
1085 38 21 0
1086 38 22 0
1087 38 23 0
1088 38 24 0
1089 38 25 0
1090 38 26 0
1091 38 27 0
1092 38 28 0
1093 38 29 0
1094 38 30 0
1095 39 1 0
1096 39 2 0
1097 39 3 0
1098 39 4 0
1099 39 5 0
1100 39 6 0
1101 39 7 0
1102 39 8 0
1103 39 9 0
1104 39 10 0
1105 39 11 0
1106 39 12 0
1107 39 13 0
1108 39 14 0
1109 39 15 0
1110 39 16 0
1111 39 17 0
1112 39 18 0
1113 39 19 0
1114 39 20 0
1115 39 21 0
1116 39 22 0
1117 39 23 0
1118 39 24 0
1119 39 25 0
1120 39 26 0
1121 39 27 0
1122 40 1 0
1123 40 2 0
1124 40 3 0
1125 40 4 0
1126 40 5 0
1127 40 6 0
1128 40 7 0
1129 40 8 0
1130 40 9 0
1131 40 10 0
1132 40 11 0
1133 40 12 0
1134 40 13 0
1135 40 14 0
1136 40 15 0
1137 40 16 0
1138 40 17 0
1139 40 18 0
1140 40 19 0
1141 40 20 0
1142 40 21 0
1143 40 22 0
1144 40 23 0
1145 40 24 0
1146 40 25 0
1147 40 26 0
1148 40 27 0
1149 40 28 0
1150 40 29 0
1151 40 30 0
1152 40 31 0
1153 40 32 0
1154 40 33 0
1155 40 34 0
1156 40 35 0
1157 40 36 0
1158 40 37 0
1159 40 38 0
1160 40 39 0
1161 40 40 0
1162 40 41 0
1163 40 42 0
1164 40 43 0
1165 40 44 0
1166 40 45 0
1167 40 46 0
1168 40 47 0
1169 40 48 0
1170 40 49 0
1171 40 50 0
1172 40 51 0
1173 40 52 0
1174 40 53 0
1175 40 54 0
1176 41 1 0
1177 41 2 0
1178 41 3 0
1179 41 4 0
1180 41 5 0
1181 41 6 0
1182 41 7 0
1183 41 8 0
1184 41 9 0
1185 41 10 0
1186 41 11 0
1187 41 12 0
1188 41 13 0
1189 41 14 0
1190 41 15 0
1191 41 16 0
1192 41 17 0
1193 41 18 0
1194 41 19 0
1195 41 20 0
1196 41 21 0
1197 41 22 0
1198 41 23 0
1199 41 24 0
1200 41 25 0
1201 41 26 0
1202 41 27 0
1203 41 28 0
1204 41 29 0
1205 41 30 0
1206 41 31 0
1207 41 32 0
1208 41 33 0
1209 41 34 0
1210 41 35 0
1211 42 1 0
1212 42 2 0
1213 42 3 0
1214 42 4 0
1215 42 5 0
1216 42 6 0
1217 42 7 0
1218 42 8 0
1219 42 9 0
1220 42 10 0
1221 42 11 0
1222 42 12 0
1223 43 1 0
1224 43 2 0
1225 43 3 0
1226 43 4 0
1227 43 5 0
1228 43 6 0
1229 43 7 0
1230 43 8 0
1231 43 9 0
1232 43 10 0
1233 43 11 0
1234 43 12 0
1235 43 13 0
1236 44 1 0
1237 44 2 0
1238 44 3 0
1239 45 1 0
1240 45 2 0
1241 45 3 0
1242 45 4 0
1243 45 5 0
1244 46 1 0
1245 46 2 0
1246 46 3 0
1247 46 4 0
1248 46 5 0
1249 46 6 0
1250 46 7 0
1251 46 8 0
1252 46 9 0
1253 47 1 0
1254 47 2 0
1255 47 3 0
1256 47 4 0
1257 47 5 0
1258 47 6 0
1259 47 7 0
1260 47 8 0
1261 47 9 0
1262 48 1 0
1263 48 2 0
1264 48 3 0
1265 48 4 0
1266 48 5 0
1267 48 6 0
1268 48 7 0
1269 48 8 0
1270 48 9 0
1271 48 10 0
1272 48 11 0
1273 48 12 0
1274 48 13 0
1275 48 14 0
1276 48 15 0
1277 48 16 0
1278 48 17 0
1279 48 18 0
1280 49 1 0
1281 49 2 0
1282 49 3 0
1283 49 4 0
1284 49 5 0
1285 49 6 0
1286 49 7 0
1287 49 8 0
1288 50 1 0
1289 50 2 0
1290 50 3 0
1291 50 4 0
1292 50 5 0
1293 50 6 0
1294 50 7 0
1295 50 8 0
1296 50 9 0
1297 50 10 0
1298 50 11 0
1299 50 12 0
1300 50 13 0
1301 50 14 0
1302 50 15 0
1303 50 16 0
1304 50 17 0
1305 50 18 0
1306 50 19 0
1307 50 20 0
1308 50 21 0
1309 50 22 0
1310 50 23 0
1311 50 24 0
1312 50 25 0
1313 50 26 0
1314 50 27 0
1315 50 28 0
1316 50 29 0
1317 50 30 0
1318 50 31 0
1319 50 32 0
1320 51 1 0
1321 51 2 0
1322 51 3 0
1323 51 4 0
1324 51 5 0
1325 51 6 0
1326 51 7 0
1327 51 8 0
1328 51 9 0
1329 51 10 0
1330 51 11 0
1331 51 12 0
1332 51 13 0
1333 51 14 0
1334 51 15 0
1335 51 16 0
1336 51 17 0
1337 51 18 0
1338 51 19 0
1339 51 20 0
1340 51 21 0
1341 51 22 0
1342 51 23 0
1343 51 24 0
1344 51 25 0
1345 51 26 0
1346 51 27 0
1347 51 28 0
1348 51 29 0
1349 51 30 0
1350 51 31 0
1351 51 32 0
1352 52 1 0
1353 52 2 0
1354 52 3 0
1355 52 4 0
1356 52 5 0
1357 52 6 0
1358 52 7 0
1359 52 8 0
1360 52 9 0
1361 52 10 0
1362 52 11 0
1363 52 12 0
1364 52 13 0
1365 52 14 0
1366 52 15 0
1367 52 16 0
1368 52 17 0
1369 52 18 0
1370 52 19 0
1371 52 20 0
1372 52 21 0
1373 52 22 0
1374 52 23 0
1375 52 24 0
1376 52 25 0
1377 52 26 0
1378 52 27 0
1379 52 28 0
1380 52 29 0
1381 52 30 0
1382 52 31 0
1383 52 32 0
1384 52 33 0
1385 52 34 0
1386 52 35 0
1387 52 36 0
1388 52 37 0
1389 52 38 0
1390 52 39 0
1391 52 40 0
1392 52 41 0
1393 52 42 0
1394 52 43 0
1395 52 44 0
1396 52 45 0
1397 52 46 0
1398 52 47 0
1399 52 48 0
1400 52 49 0
1401 52 50 0
1402 52 51 0
1403 52 52 0
1404 52 53 0
1405 52 54 0
1406 52 55 0
1407 52 56 0
1408 52 57 0
1409 52 58 0
1410 52 59 0
1411 52 60 0
1412 52 61 0
1413 52 62 0
1414 52 63 0
1415 52 64 0
1416 52 65 0
1417 52 66 0
1418 52 67 0
1419 52 68 0
1420 52 69 0
1421 52 70 0
1422 52 71 0
1423 53 1 0
1424 53 2 0
1425 53 3 0
1426 53 4 0
1427 54 1 0
1428 54 2 0
1429 54 3 0
1430 54 4 0
1431 54 5 0
1432 54 6 0
1433 54 7 0
1434 54 8 0
1435 54 9 0
1436 55 1 0
1437 55 2 0
1438 55 3 0
1439 55 4 0
1440 55 5 0
1441 55 6 0
1442 55 7 0
1443 55 8 0
1444 56 1 0
1445 56 2 0
1446 56 3 0
1447 56 4 0
1448 56 5 0
1449 56 6 0
1450 57 1 0
1451 57 2 0
1452 57 3 0
1453 57 4 0
1454 58 1 0
1455 58 2 0
1456 58 3 0
1457 58 4 0
1458 58 5 0
1459 58 6 0
1460 58 7 0
1461 58 8 0
1462 58 9 0
1463 58 10 0
1464 58 11 0
1465 58 12 0
1466 58 13 0
1467 58 14 0
1468 58 15 0
1469 58 16 0
1470 58 17 0
1471 58 18 0
1472 58 19 0
1473 58 20 0
1474 58 21 0
1475 58 22 0
1476 58 23 0
1477 58 24 0
1478 58 25 0
1479 58 26 0
1480 58 27 0
1481 58 28 0
1482 58 29 0
1483 58 30 0
1484 58 31 0
1485 58 32 0
1486 58 33 0
1487 58 34 0
1488 58 35 0
1489 58 36 0
1490 58 37 0
1491 58 38 0
1492 58 39 0
1493 58 40 0
1494 58 41 0
1495 58 42 0
1496 58 43 0
1497 58 44 0
1498 58 45 0
1499 58 46 0
1500 58 47 0
1501 58 48 0
1502 58 49 0
1503 58 50 0
1504 58 51 0
1505 58 52 0
1506 58 53 0
1507 58 54 0
1508 58 55 0
1509 58 56 0
1510 58 57 0
1511 58 58 0
1512 58 59 0
1513 58 60 0
1514 58 61 0
1515 58 62 0
1516 58 63 0
1517 58 64 0
1518 58 65 0
1519 58 66 0
1520 58 67 0
1521 58 68 0
1522 58 69 0
1523 58 70 0
1524 58 71 0
1525 58 72 0
1526 58 73 0
1527 58 74 0
1528 58 75 0
1529 58 76 0
1530 58 77 0
1531 58 78 0
1532 58 79 0
1533 58 80 0
1534 58 81 0
1535 58 82 0
1536 58 83 0
1537 58 84 0
1538 58 85 0
1539 58 86 0
1540 58 87 0
1541 58 88 0
1542 58 89 0
1543 58 90 0
1544 58 91 0
1545 58 92 0
1546 58 93 0
1547 58 94 0
1548 58 95 0
1549 58 96 0
1550 58 97 0
1551 58 98 0
1552 58 99 0
1553 58 100 0
1554 58 101 0
1555 58 102 0
1556 58 103 0
1557 58 104 0
1558 58 105 0
1559 59 1 0
1560 59 2 0
1561 59 3 0
1562 59 4 0
1563 59 5 0
1564 60 1 0
1565 60 2 0
1566 60 3 0
1567 60 4 0
1568 60 5 0
1569 60 6 0
1570 60 7 0
1571 60 8 0
1572 60 9 0
1573 60 10 0
1574 60 11 0
1575 60 12 0
1576 60 13 0
1577 60 14 0
1578 61 1 0
1579 61 2 0
1580 61 3 0
1581 61 4 0
1582 61 5 0
1583 61 6 0
1584 61 7 0
1585 61 8 0
1586 61 9 0
1587 61 10 0
1588 61 11 0
1589 61 12 0
1590 61 13 0
1591 61 14 0
1592 61 15 0
1593 61 16 0
1594 61 17 0
1595 61 18 0
1596 61 19 0
1597 61 20 0
1598 61 21 0
1599 61 22 0
1600 61 23 0
1601 61 24 0
1602 61 25 0
1603 61 26 0
1604 61 27 0
1605 61 28 0
1606 61 29 0
1607 61 30 0
1608 61 31 0
1609 61 32 0
1610 61 33 0
1611 61 34 0
1612 61 35 0
1613 61 36 0
1614 61 37 0
1615 61 38 0
1616 61 39 0
1617 61 40 0
1618 61 41 0
1619 61 42 0
1620 61 43 0
1621 61 44 0
1622 61 45 0
1623 61 46 0
1624 61 47 0
1625 61 48 0
1626 61 49 0
1627 61 50 0
1628 61 51 0
1629 61 52 0
1630 61 53 0
1631 61 54 0
1632 61 55 0
1633 61 56 0
1634 61 57 0
1635 61 58 0
1636 61 59 0
1637 61 60 0
1638 61 61 0
1639 61 62 0
1640 61 63 0
1641 61 64 0
1642 61 65 0
1643 61 66 0
1644 61 67 0
1645 61 68 0
1646 61 69 0
1647 61 70 0
1648 61 71 0
1649 61 72 0
1650 61 73 0
1651 61 74 0
1652 61 75 0
1653 61 76 0
1654 61 77 0
1655 61 78 0
1656 61 79 0
1657 61 80 0
1658 61 81 0
1659 61 82 0
1660 61 83 0
1661 61 84 0
1662 61 85 0
1663 61 86 0
1664 61 87 0
1665 61 88 0
1666 61 89 0
1667 61 90 0
1668 61 91 0
1669 61 92 0
1670 61 93 0
1671 61 94 0
1672 61 95 0
1673 61 96 0
1674 61 97 0
1675 61 98 0
1676 61 99 0
1677 61 100 0
1678 61 101 0
1679 61 102 0
1680 61 103 0
1681 61 104 0
1682 61 105 0
1683 61 106 0
1684 61 107 0
1685 61 108 0
1686 61 109 0
1687 61 110 0
1688 61 111 0
1689 61 112 0
1690 61 113 0
1691 61 114 0
1692 61 115 0
1693 61 116 0
1694 61 117 0
1695 61 118 0
1696 61 119 0
1697 61 120 0
1698 61 121 0
1699 61 122 0
1700 61 123 0
1701 61 124 0
1702 61 125 0
1703 61 126 0
1704 61 127 0
1705 61 128 0
1706 61 129 0
1707 61 130 0
1708 61 131 0
1709 61 132 0
1710 61 133 0
1711 61 134 0
1712 61 135 0
1713 61 136 0
1714 61 137 0
1715 61 138 0
1716 61 139 0
1717 62 1 0
1718 62 2 0
1719 62 3 0
1720 62 4 0
1721 62 5 0
1722 62 6 0
1723 62 7 0
1724 62 8 0
1725 62 9 0
1726 62 10 0
1727 62 11 0
1728 63 1 0
1729 63 2 0
1730 63 3 0
1731 64 1 0
1732 64 2 0
1733 64 3 0
1734 64 4 0
1735 64 5 0
1736 64 6 0
1737 64 7 0
1738 64 8 0
1739 64 9 0
1740 64 10 0
1741 64 11 0
1742 64 12 0
1743 64 13 0
1744 64 14 0
1745 64 15 0
1746 64 16 0
1747 64 17 0
1748 64 18 0
1749 64 19 0
1750 64 20 0
1751 64 21 0
1752 64 22 0
1753 64 23 0
1754 64 24 0
1755 64 25 0
1756 64 26 0
1757 64 27 0
1758 64 28 0
1759 65 1 0
1760 65 2 0
1761 65 3 0
1762 65 4 0
1763 65 5 0
1764 65 6 0
1765 65 7 0
1766 65 8 0
1767 65 9 0
1768 65 10 0
1769 65 11 0
1770 65 12 0
1771 66 1 0
1772 66 2 0
1773 66 3 0
1774 66 4 0
1775 66 5 0
1776 66 6 0
1777 66 7 0
1778 66 8 0
1779 67 1 0
1780 67 2 0
1781 67 3 0
1782 67 4 0
1783 67 5 0
1784 67 6 0
1785 67 7 0
1786 67 8 0
1787 67 9 0
1788 67 10 0
1789 67 11 0
1790 67 12 0
1791 67 13 0
1792 67 14 0
1793 67 15 0
1794 67 16 0
1795 68 1 0
1796 68 2 0
1797 68 3 0
1798 68 4 0
1799 68 5 0
1800 68 6 0
1801 68 7 0
1802 68 8 0
1803 68 9 0
1804 68 10 0
1805 68 11 0
1806 68 12 0
1807 68 13 0
1808 68 14 0
1809 68 15 0
1810 68 16 0
1811 68 17 0
1812 68 18 0
1813 68 19 0
1814 69 1 0
1815 69 2 0
1816 69 3 0
1817 69 4 0
1818 70 1 0
1819 70 2 0
1820 70 3 0
1821 70 4 0
1822 70 5 0
1823 70 6 0
1824 70 7 0
1825 70 8 0
1826 70 9 0
1827 70 10 0
1828 70 11 0
1829 70 12 0
1830 70 13 0
1831 70 14 0
1832 70 15 0
1833 70 16 0
1834 70 17 0
1835 70 18 0
1836 71 1 0
1837 71 2 0
1838 71 3 0
1839 71 4 0
1840 71 5 0
1841 71 6 0
1842 72 1 0
1843 72 2 0
1844 72 3 0
1845 72 4 0
1846 73 1 0
1847 73 2 0
1848 73 3 0
1849 73 4 0
1850 74 1 0
1851 74 2 0
1852 74 3 0
1853 74 4 0
1854 74 5 0
1855 74 6 0
1856 74 7 0
1857 74 8 0
1858 74 9 0
1859 74 10 0
1860 74 11 0
1861 74 12 0
1862 74 13 0
1863 74 14 0
1864 74 15 0
1865 74 16 0
1866 74 17 0
1867 74 18 0
1868 74 19 0
1869 74 20 0
1870 74 21 0
1871 74 22 0
1872 74 23 0
1873 74 24 0
1874 74 25 0
1875 74 26 0
1876 74 27 0
1877 74 28 0
1878 74 29 0
1879 74 30 0
1880 74 31 0
1881 74 32 0
1882 74 33 0
1883 74 34 0
1884 74 35 0
1885 74 36 0
1886 74 37 0
1887 74 38 0
1888 74 39 0
1889 74 40 0
1890 74 41 0
1891 74 42 0
1892 74 43 0
1893 74 44 0
1894 74 45 0
1895 74 46 0
1896 74 47 0
1897 74 48 0
1898 74 49 0
1899 74 50 0
1900 74 51 0
1901 74 52 0
1902 74 53 0
1903 74 54 0
1904 74 55 0
1905 74 56 0
1906 74 57 0
1907 74 58 0
1908 74 59 0
1909 74 60 0
1910 74 61 0
1911 74 62 0
1912 74 63 0
1913 74 64 0
1914 74 65 0
1915 74 66 0
1916 74 67 0
1917 74 68 0
1918 74 69 0
1919 74 70 0
1920 75 1 0
1921 75 2 0
1922 75 3 0
1923 75 4 0
1924 75 5 0
1925 75 6 0
1926 75 7 0
1927 75 8 0
1928 75 9 0
1929 75 10 0
1930 75 11 0
1931 75 12 0
1932 75 13 0
1933 75 14 0
1934 75 15 0
1935 75 16 0
1936 75 17 0
1937 75 18 0
1938 75 19 0
1939 75 20 0
1940 75 21 0
1941 75 22 0
1942 75 23 0
1943 75 24 0
1944 75 25 0
1945 75 26 0
1946 75 27 0
1947 75 28 0
1948 75 29 0
1949 75 30 0
1950 75 31 0
1951 75 32 0
1952 75 33 0
1953 76 1 0
1954 76 2 0
1955 76 3 0
1956 76 4 0
1957 76 5 0
1958 76 6 0
1959 77 1 0
1960 77 2 0
1961 77 3 0
1962 77 4 0
1963 78 1 0
1964 78 2 0
1965 78 3 0
1966 78 4 0
1967 78 5 0
1968 78 6 0
1969 78 7 0
1970 78 8 0
1971 78 9 0
1972 78 10 0
1973 78 11 0
1974 78 12 0
1975 79 1 0
1976 79 2 0
1977 79 3 0
1978 79 4 0
1979 79 5 0
1980 79 6 0
1981 79 7 0
1982 79 8 0
1983 79 9 0
1984 79 10 0
1985 79 11 0
1986 79 12 0
1987 79 13 0
1988 79 14 0
1989 79 15 0
1990 79 16 0
1991 79 17 0
1992 79 18 0
1993 79 19 0
1994 79 20 0
1995 80 1 0
1996 80 2 0
1997 80 3 0
1998 80 4 0
1999 80 5 0
2000 80 6 0
2001 80 7 0
2002 80 8 0
2003 80 9 0
2004 80 10 0
2005 80 11 0
2006 80 12 0
2007 80 13 0
2008 80 14 0
2009 80 15 0
2010 80 16 0
2011 80 17 0
2012 80 18 0
2013 80 19 0
2014 80 20 0
2015 80 21 0
2016 80 22 0
2017 80 23 0
2018 80 24 0
2019 80 25 0
2020 80 26 0
2021 80 27 0
2022 80 28 0
2023 80 29 0
2024 80 30 0
2025 80 31 0
2026 80 32 0
2027 80 33 0
2028 80 34 0
2029 80 35 0
2030 80 36 0
2031 80 37 0
2032 80 38 0
2033 80 39 0
2034 80 40 0
2035 80 41 0
2036 80 42 0
2037 80 43 0
2038 80 44 0
2039 80 45 0
2040 80 46 0
2041 80 47 0
2042 80 48 0
2043 80 49 0
2044 80 50 0
2045 80 51 0
2046 80 52 0
2047 80 53 0
2048 80 54 0
2049 80 55 0
2050 80 56 0
2051 80 57 0
2052 80 58 0
2053 80 59 0
2054 80 60 0
2055 80 61 0
2056 80 62 0
2057 80 63 0
2058 81 1 0
2059 81 2 0
2060 81 3 0
2061 82 1 0
2062 82 2 0
2063 82 3 0
2064 82 4 0
2065 82 5 0
2066 83 1 0
2067 83 2 0
2068 83 3 0
2069 83 4 0
2070 83 5 0
2071 83 6 0
2072 83 7 0
2073 83 8 0
2074 83 9 0
2075 83 10 0
2076 83 11 0
2077 83 12 0
2078 83 13 0
2079 84 1 0
2080 84 2 0
2081 84 3 0
2082 84 4 0
2083 84 5 0
2084 84 6 0
2085 84 7 0
2086 84 8 0
2087 84 9 0
2088 84 10 0
2089 84 11 0
2090 84 12 0
2091 84 13 0
2092 84 14 0
2093 84 15 0
2094 84 16 0
2095 84 17 0
2096 84 18 0
2097 84 19 0
2098 84 20 0
2099 84 21 0
2100 84 22 0
2101 84 23 0
2102 84 24 0
2103 84 25 0
2104 84 26 0
2105 84 27 0
2106 84 28 0
2107 84 29 0
2108 84 30 0
2109 84 31 0
2110 84 32 0
2111 85 1 0
2112 85 2 0
2113 85 3 0
2114 85 4 0
2115 86 1 0
2116 86 2 0
2117 86 3 0
2118 87 1 0
2119 87 2 0
2120 87 3 0
2121 88 1 0
2122 88 2 0
2123 88 3 0
2124 88 4 0
2125 88 5 0
2126 89 1 0
2127 89 2 0
2128 89 3 0
2129 89 4 0
2130 89 5 0
2131 89 6 0
2132 89 7 0
2133 90 1 0
2134 90 2 0
2135 90 3 0
2136 90 4 0
2137 90 5 0
2138 90 6 0
2139 90 7 0
2140 90 8 0
2141 90 9 0
2142 90 10 0
2143 90 11 0
2144 90 12 0
2145 90 13 0
2146 90 14 0
2147 90 15 0
2148 91 1 0
2149 91 2 0
2150 91 3 0
2151 91 4 0
2152 91 5 0
2153 92 1 0
2154 92 2 0
2155 92 3 0
2156 93 1 0
2157 93 2 0
2158 93 3 0
2159 94 1 0
2160 94 2 0
2161 94 3 0
2162 94 4 0
2163 94 5 0
2164 94 6 0
2165 94 7 0
2166 94 8 0
2167 94 9 0
2168 95 1 0
2169 95 2 0
2170 95 3 0
2171 95 4 0
2172 95 5 0
2173 95 6 0
2174 95 7 0
2175 95 8 0
2176 95 9 0
2177 95 10 0
2178 95 11 0
2179 95 12 0
2180 96 1 0
2181 96 2 0
2182 96 3 0
2183 96 4 0
2184 96 5 0
2185 96 6 0
2186 96 7 0
2187 96 8 0
2188 96 9 0
2189 96 10 0
2190 96 11 0
2191 96 12 0
2192 96 13 0
2193 96 14 0
2194 96 15 0
2195 97 1 0
2196 97 2 0
2197 97 3 0
2198 97 4 0
2199 97 5 0
2200 97 6 0
2201 97 7 0
2202 97 8 0
2203 97 9 0
2204 97 10 0
2205 97 11 0
2206 97 12 0
2207 97 13 0
2208 97 14 0
2209 97 15 0
2210 97 16 0
2211 97 17 0
2212 97 18 0
2213 97 19 0
2214 97 20 0
2215 97 21 0
2216 97 22 0
2217 97 23 0
2218 97 24 0
2219 97 25 0
2220 97 26 0
2221 97 27 0
2222 97 28 0
2223 97 29 0
2224 97 30 0
2225 97 31 0
2226 97 32 0
2227 97 33 0
2228 97 34 0
2229 97 35 0
2230 97 36 0
2231 98 1 0
2232 98 2 0
2233 98 3 0
2234 98 4 0
2235 98 5 0
2236 98 6 0
2237 98 7 0
2238 98 8 0
2239 98 9 0
2240 99 1 0
2241 99 2 0
2242 99 3 0
2243 99 4 0
2244 99 5 0
2245 99 6 0
2246 99 7 0
2247 99 8 0
2248 99 9 0
2249 100 1 0
2250 100 2 0
2251 100 3 0
2252 100 4 0
2253 100 5 0
2254 100 6 0
2255 101 1 0
2256 101 2 0
2257 101 3 0
2258 101 4 0
2259 101 5 0
2260 101 6 0
2261 101 7 0
2262 101 8 0
2263 101 9 0
2264 101 10 0
2265 101 11 0
2266 101 12 0
2267 101 13 0
2268 101 14 0
2269 101 15 0
2270 101 16 0
2271 101 17 0
2272 101 18 0
2273 102 1 0
2274 102 2 0
2275 102 3 0
2276 102 4 0
2277 102 5 0
2278 102 6 0
2279 102 7 0
2280 102 8 0
2281 102 9 0
2282 102 10 0
2283 103 1 0
2284 103 2 0
2285 103 3 0
2286 103 4 0
2287 103 5 0
2288 103 6 0
2289 103 7 0
2290 103 8 0
2291 103 9 0
2292 103 10 0
2293 103 11 0
2294 103 12 0
2295 103 13 0
2296 103 14 0
2297 103 15 0
2298 103 16 0
2299 103 17 0
2300 103 18 0
2301 103 19 0
2302 103 20 0
2303 103 21 0
2304 103 22 0
2305 103 23 0
2306 103 24 0
2307 103 25 0
2308 103 26 0
2309 103 27 0
2310 103 28 0
2311 103 29 0
2312 103 30 0
2313 103 31 0
2314 103 32 0
2315 103 33 0
2316 103 34 0
2317 103 35 0
2318 103 36 0
2319 103 37 0
2320 103 38 0
2321 103 39 0
2322 103 40 0
2323 103 41 0
2324 103 42 0
2325 103 43 0
2326 103 44 0
2327 103 45 0
2328 103 46 0
2329 103 47 0
2330 103 48 0
2331 103 49 0
2332 103 50 0
2333 103 51 0
2334 103 52 0
2335 103 53 0
2336 103 54 0
2337 103 55 0
2338 103 56 0
2339 103 57 0
2340 103 58 0
2341 103 59 0
2342 103 60 0
2343 103 61 0
2344 104 1 0
2345 104 2 0
2346 104 3 0
2347 104 4 0
2348 104 5 0
2349 104 6 0
2350 104 7 0
2351 104 8 0
2352 104 9 0
2353 104 10 0
2354 104 11 0
2355 104 12 0
2356 104 13 0
2357 104 14 0
2358 105 1 0
2359 105 2 0
2360 105 3 0
2361 105 4 0
2362 105 5 0
2363 105 6 0
2364 105 7 0
2365 105 8 0
2366 105 9 0
2367 105 10 0
2368 105 11 0
2369 105 12 0
2370 105 13 0
2371 105 14 0
2372 105 15 0
2373 105 16 0
2374 105 17 0
2375 105 18 0
2376 105 19 0
2377 105 20 0
2378 105 21 0
2379 105 22 0
2380 105 23 0
2381 105 24 0
2382 105 25 0
2383 105 26 0
2384 105 27 0
2385 105 28 0
2386 105 29 0
2387 105 30 0
2388 105 31 0
2389 105 32 0
2390 105 33 0
2391 105 34 0
2392 105 35 0
2393 105 36 0
2394 105 37 0
2395 106 1 0
2396 106 2 0
2397 106 3 0
2398 106 4 0
2399 106 5 0
2400 106 6 0
2401 106 7 0
2402 106 8 0
2403 106 9 0
2404 107 1 0
2405 107 2 0
2406 107 3 0
2407 107 4 0
2408 107 5 0
2409 107 6 0
2410 108 1 0
2411 108 2 0
2412 108 3 0
2413 108 4 0
2414 108 5 0
2415 109 1 0
2416 109 2 0
2417 109 3 0
2418 110 1 0
2419 110 2 0
2420 110 3 0
2421 110 4 0
2422 110 5 0
2423 110 6 0
2424 110 7 0
2425 110 8 0
2426 110 9 0
2427 110 10 0
2428 110 11 0
2429 110 12 0
2430 110 13 0
2431 110 14 0
2432 110 15 0
2433 110 16 0
2434 110 17 0
2435 110 18 0
2436 110 19 0
2437 110 20 0
2438 110 21 0
2439 110 22 0
2440 110 23 0
2441 110 24 0
2442 110 25 0
2443 110 26 0
2444 110 27 0
2445 110 28 0
2446 111 1 0
2447 111 2 0
2448 111 3 0
2449 111 4 0
2450 111 5 0
2451 111 6 0
2452 111 7 0
2453 111 8 0
2454 112 1 0
2455 112 2 0
2456 112 3 0
2457 112 4 0
2458 112 5 0
2459 112 6 0
2460 112 7 0
2461 112 8 0
2462 112 9 0
2463 112 10 0
2464 112 11 0
2465 112 12 0
2466 112 13 0
2467 113 1 0
2468 113 2 0
2469 113 3 0
2470 114 1 0
2471 114 2 0
2472 114 3 0
2473 114 4 0
2474 114 5 0
2475 114 6 0
2476 114 7 0
2477 114 8 0
2478 114 9 0
2479 114 10 0
2480 114 11 0
2481 114 12 0
2482 114 13 0
2483 114 14 0
2484 114 15 0
2485 115 1 0
2486 115 2 0
2487 115 3 0
2488 116 1 0
2489 116 2 0
2490 116 3 0
2491 116 4 0
2492 116 5 0
2493 116 6 0
2494 116 7 0
2495 116 8 0
2496 116 9 0
2497 116 10 0
2498 117 1 0
2499 117 2 0
2500 117 3 0
2501 117 4 0
2502 118 1 0
2503 118 2 0
2504 118 3 0
2505 118 4 0
2506 118 5 0
2507 118 6 0
2508 118 7 0
2509 118 8 0
2510 118 9 0
2511 118 10 0
2512 119 1 0
2513 119 2 0
2514 119 3 0
2515 119 4 0
2516 120 1 0
2517 120 2 0
2518 120 3 0
2519 120 4 0
2520 120 5 0
2521 120 6 0
2522 120 7 0
2523 120 8 0
2524 120 9 0
2525 120 10 0
2526 120 11 0
2527 120 12 0
2528 120 13 0
2529 120 14 0
2530 120 15 0
2531 120 16 0
2532 120 17 0
2533 120 18 0
2534 120 19 0
2535 120 20 0
2536 120 21 0
2537 120 22 0
2538 120 23 0
2539 120 24 0
2540 120 25 0
2541 120 26 0
2542 120 27 0
2543 120 28 0
2544 120 29 0
2545 120 30 0
2546 120 31 0
2547 121 1 0
2548 121 2 0
2549 121 3 0
2550 121 4 0
2551 122 1 0
2552 122 2 0
2553 122 3 0
2554 122 4 0
2555 122 5 0
2556 122 6 0
2557 122 7 0
2558 123 1 0
2559 123 2 0
2560 123 3 0
2561 123 4 0
2562 123 5 0
2563 123 6 0
2564 124 1 0
2565 124 2 0
2566 124 3 0
2567 125 1 0
2568 125 2 0
2569 125 3 0
2570 125 4 0
2571 126 1 0
2572 126 2 0
2573 126 3 0
2574 126 4 0
2575 126 5 0
2576 127 1 0
2577 127 2 0
2578 127 3 0
2579 128 1 0
2580 128 2 0
2581 128 3 0
2582 128 4 0
2583 128 5 0
2584 129 1 0
2585 129 2 0
2586 129 3 0
2587 130 1 0
2588 130 2 0
2589 130 3 0
2590 131 1 0
2591 131 2 0
2592 131 3 0
2593 131 4 0
2594 131 5 0
2595 131 6 0
2596 132 1 0
2597 132 2 0
2598 132 3 0
2599 133 1 0
2600 133 2 0
2601 133 3 0
2602 133 4 0
2603 133 5 0
2604 134 1 0
2605 134 2 0
2606 134 3 0
2607 135 1 0
2608 135 2 0
2609 135 3 0
2610 136 1 0
2611 136 2 0
2612 136 3 0
2613 136 4 0
2614 137 1 0
2615 137 2 0
2616 137 3 0
2617 138 1 0
2618 138 2 0
2619 138 3 0
2620 139 1 0
2621 139 2 0
2622 139 3 0
2623 139 4 0
2624 139 5 0
2625 140 1 0
2626 140 2 0
2627 140 3 0
2628 140 4 0
2629 140 5 0
2630 140 6 0
2631 140 7 0
2632 140 8 0
2633 140 9 0
2634 140 10 0
2635 140 11 0
2636 140 12 0
2637 140 13 0
2638 140 14 0
2639 140 15 0
2640 140 16 0
2641 140 17 0
2642 140 18 0
2643 140 19 0
2644 140 20 0
2645 140 21 0
2646 140 22 0
2647 140 23 0
2648 140 24 0
2649 140 25 0
2650 140 26 0
2651 140 27 0
2652 141 1 0
2653 141 2 0
2654 141 3 0
2655 141 4 0
2656 141 5 0
2657 141 6 0
2658 141 7 0
2659 141 8 0
2660 141 9 0
2661 141 10 0
2662 141 11 0
2663 142 1 0
2664 142 2 0
2665 142 3 0
2666 142 4 0
2667 142 5 0
2668 143 1 0
2669 143 2 0
2670 143 3 0
2671 143 4 0
2672 144 1 0
2673 144 2 0
2674 144 3 0
2675 144 4 0
2676 144 5 0
2677 144 6 0
2678 145 1 0
2679 145 2 0
2680 145 3 0
2681 145 4 0
2682 146 1 0
2683 146 2 0
2684 146 3 0
2685 146 4 0
2686 146 5 0
2687 146 6 0
2688 146 7 0
2689 146 8 0
2690 146 9 0
2691 146 10 0
2692 146 11 0
2693 146 12 0
2694 146 13 0
2695 146 14 0
2696 146 15 0
2697 146 16 0
2698 146 17 0
2699 146 18 0
2700 146 19 0
2701 147 1 0
2702 147 2 0
2703 147 3 0
2704 148 1 0
2705 148 2 0
2706 148 3 0
2707 149 1 0
2708 149 2 0
2709 149 3 0
2710 149 4 0
2711 149 5 0
2712 149 6 0
2713 150 1 0
2714 150 2 0
2715 150 3 0
2716 150 4 0
2717 150 5 0
2718 150 6 0
2719 150 7 0
2720 150 8 0
2721 150 9 0
2722 150 10 0
2723 150 11 0
2724 150 12 0
2725 150 13 0
2726 150 14 0
2727 151 1 0
2728 151 2 0
2729 151 3 0
2730 151 4 0
2731 151 5 0
2732 151 6 0
2733 152 1 0
2734 152 2 0
2735 152 3 0
2736 152 4 0
2737 152 5 0
2738 152 6 0
2739 152 7 0
2740 153 1 0
2741 153 2 0
2742 153 3 0
2743 153 4 0
2744 153 5 0
2745 153 6 0
2746 153 7 0
2747 154 1 0
2748 154 2 0
2749 154 3 0
2750 154 4 0
2751 155 1 0
2752 155 2 0
2753 155 3 0
2754 155 4 0
2755 156 1 0
2756 156 2 0
2757 156 3 0
2758 157 1 0
2759 157 2 0
2760 157 3 0
2761 158 1 0
2762 158 2 0
2763 158 3 0
2764 159 1 0
2765 159 2 0
2766 159 3 0
2767 159 4 0
